1932
-1 0 1 3
-1 1 1 3
-1 2 1 3
-1 3 1 3
-1 4 1 3
-1 0 2 3
-1 1 2 3
-1 2 2 3
-1 3 2 3
-1 4 2 3
-1 0 3 3
-1 1 3 3
-1 2 3 3
-1 3 3 3
-1 4 3 3
-1 0 4 3
-1 1 4 3
-1 2 4 3
-1 3 4 3
-1 4 4 3
-1 0 5 3
-1 1 5 3
-1 2 5 3
-1 3 5 3
-1 4 5 3
-1 0 6 3
-1 0 7 3
-1 0 8 3
-1 0 9 3
-1 0 34 3
-1 0 41 3
-1 0 42 3
-1 0 43 3
-1 0 44 3
-1 0 45 3
-1 1 45 3
-1 2 45 3
-1 0 49 3
-1 0 50 3
-2 0 1 3
-2 1 1 3
-2 2 1 3
-2 3 1 3
-2 4 1 3
-2 0 2 3
-2 0 3 3
-2 0 4 3
-2 0 5 3
-2 1 5 3
-2 2 5 3
-2 3 5 3
-2 4 5 3
-2 0 6 3
-2 0 7 3
-2 0 8 3
-2 0 9 3
-2 0 16 3
-2 0 17 3
-2 0 18 3
-2 0 19 3
-2 0 34 3
-2 0 41 3
-2 0 42 3
-2 0 43 3
-2 0 44 3
-2 0 45 3
-2 1 45 3
-2 2 45 3
-2 0 49 3
-2 0 50 3
-3 0 1 3
-3 1 1 3
-3 2 1 3
-3 3 1 3
-3 4 1 3
-3 0 2 3
-3 0 3 3
-3 0 4 3
-3 0 5 3
-3 3 5 3
-3 4 5 3
-3 0 6 3
-3 0 7 3
-3 0 8 3
-3 0 9 3
-3 0 16 3
-3 0 17 3
-3 0 18 3
-3 0 19 3
-3 0 25 3
-3 0 26 3
-3 0 27 3
-3 0 28 3
-3 0 29 3
-3 0 34 3
-3 0 41 3
-3 0 42 3
-3 0 43 3
-3 0 44 3
-3 0 45 3
-3 1 45 3
-3 2 45 3
-3 0 49 3
-3 0 50 3
-4 0 1 3
-4 1 1 3
-4 2 1 3
-4 3 1 3
-4 4 1 3
-4 0 2 3
-4 0 3 3
-4 0 4 3
-4 0 5 3
-4 1 5 3
-4 2 5 3
-4 3 5 3
-4 4 5 3
-4 0 6 3
-4 0 7 3
-4 0 8 3
-4 0 9 3
-4 0 16 3
-4 0 17 3
-4 0 18 3
-4 0 19 3
-4 0 34 3
-4 0 41 3
-4 0 42 3
-4 0 43 3
-4 0 44 3
-4 0 45 3
-4 1 45 3
-4 2 45 3
-4 0 49 3
-4 0 50 3
-5 0 1 3
-5 1 1 3
-5 2 1 3
-5 3 1 3
-5 4 1 3
-5 0 2 3
-5 1 2 3
-5 2 2 3
-5 3 2 3
-5 4 2 3
-5 0 3 3
-5 1 3 3
-5 2 3 3
-5 3 3 3
-5 4 3 3
-5 0 4 3
-5 1 4 3
-5 2 4 3
-5 3 4 3
-5 4 4 3
-5 0 5 3
-5 1 5 3
-5 2 5 3
-5 3 5 3
-5 4 5 3
-5 0 6 3
-5 0 7 3
-5 0 8 3
-5 0 9 3
-5 0 34 3
-5 0 41 3
-5 0 42 3
-5 0 43 3
-5 0 44 3
-5 0 45 3
-5 1 45 3
-5 2 45 3
-5 0 49 3
-5 0 50 3
-7 8 35 3
-8 8 33 3
-8 8 35 3
-8 22 45 3
-8 22 47 3
-8 22 48 3
-9 8 15 3
-9 12 15 3
-9 10 17 3
-9 8 33 3
-9 8 34 3
-9 8 35 3
-9 8 36 3
-9 22 44 3
-9 21 45 3
-9 21 46 3
-9 21 47 3
-9 21 48 3
-9 22 49 3
-10 5 14 2
-10 6 14 2
-10 8 14 3
-10 9 14 3
-10 10 14 3
-10 11 14 3
-10 12 14 3
-10 5 15 2
-10 8 15 3
-10 9 15 3
-10 10 15 3
-10 11 15 3
-10 12 15 5
-10 5 16 2
-10 8 16 3
-10 9 16 3
-10 10 16 3
-10 11 16 3
-10 12 16 3
-10 13 16 3
-10 5 17 2
-10 6 17 2
-10 8 17 3
-10 9 17 3
-10 10 17 3
-10 11 17 3
-10 8 18 3
-10 9 18 3
-10 10 18 3
-10 11 18 3
-10 12 18 3
-10 13 18 3
-10 8 19 3
-10 8 21 3
-10 8 27 3
-10 8 28 3
-10 8 29 3
-10 8 30 3
-10 8 31 3
-10 8 32 3
-10 0 33 3
-10 2 33 3
-10 3 33 3
-10 4 33 3
-10 5 33 3
-10 7 33 3
-10 8 33 3
-10 9 33 3
-10 10 33 3
-10 11 33 3
-10 12 33 3
-10 13 33 3
-10 14 33 3
-10 15 33 3
-10 16 33 2
-10 17 33 2
-10 0 34 3
-10 1 34 3
-10 2 34 3
-10 3 34 3
-10 4 34 3
-10 5 34 3
-10 6 34 3
-10 7 34 3
-10 8 34 3
-10 16 34 2
-10 0 35 3
-10 1 35 3
-10 2 35 3
-10 3 35 3
-10 4 35 3
-10 5 35 3
-10 6 35 3
-10 7 35 3
-10 8 35 3
-10 16 35 2
-10 0 36 3
-10 1 36 3
-10 2 36 3
-10 4 36 3
-10 5 36 3
-10 6 36 3
-10 7 36 3
-10 8 36 3
-10 9 36 3
-10 10 36 3
-10 11 36 3
-10 12 36 3
-10 13 36 3
-10 14 36 3
-10 15 36 3
-10 16 36 2
-10 17 36 2
-10 8 37 3
-10 8 38 3
-10 7 40 3
-10 1 41 3
-10 2 41 3
-10 5 41 3
-10 6 41 3
-10 7 41 3
-10 0 42 3
-10 1 42 3
-10 2 42 3
-10 3 42 3
-10 4 42 3
-10 5 42 3
-10 6 42 3
-10 7 42 3
-10 21 42 3
-10 22 42 3
-10 23 42 3
-10 25 42 3
-10 0 43 3
-10 2 43 3
-10 3 43 3
-10 4 43 3
-10 5 43 3
-10 6 43 3
-10 7 43 3
-10 21 43 3
-10 22 43 3
-10 23 43 3
-10 24 43 3
-10 25 43 3
-10 0 44 3
-10 2 44 3
-10 3 44 3
-10 5 44 3
-10 6 44 3
-10 7 44 3
-10 21 44 3
-10 22 44 3
-10 23 44 3
-10 24 44 3
-10 21 45 3
-10 22 45 3
-10 23 45 3
-10 24 45 3
-10 25 45 3
-10 21 46 3
-10 25 46 3
-10 18 47 3
-10 19 47 3
-10 20 47 3
-10 21 47 3
-10 25 47 3
-10 5 48 2
-10 6 48 2
-10 17 48 3
-10 18 48 3
-10 19 48 3
-10 20 48 3
-10 21 48 3
-10 22 48 3
-10 23 48 3
-10 24 48 3
-10 25 48 3
-10 5 49 2
-10 17 49 3
-10 18 49 3
-10 19 49 3
-10 20 49 3
-10 21 49 3
-10 22 49 3
-10 23 49 3
-10 24 49 3
-10 25 49 3
-10 5 50 2
-10 19 50 3
-10 20 50 3
-10 21 50 3
-10 22 50 3
-10 5 51 2
-10 6 51 2
-11 10 13 3
-11 5 14 2
-11 8 14 3
-11 9 14 3
-11 10 14 3
-11 11 14 3
-11 4 15 2
-11 5 15 2
-11 11 15 3
-11 4 16 2
-11 5 16 2
-11 11 16 3
-11 5 17 2
-11 8 17 3
-11 11 17 3
-11 8 18 3
-11 11 18 3
-11 12 18 3
-11 8 19 3
-11 8 20 3
-11 8 24 3
-11 8 26 3
-11 8 27 3
-11 8 28 3
-11 8 29 3
-11 8 30 3
-11 8 31 3
-11 8 32 3
-11 0 33 3
-11 1 33 3
-11 2 33 3
-11 3 33 3
-11 4 33 3
-11 5 33 3
-11 6 33 3
-11 7 33 3
-11 8 33 3
-11 16 33 2
-11 3 34 3
-11 15 34 2
-11 16 34 2
-11 2 35 3
-11 6 35 3
-11 15 35 2
-11 16 35 2
-11 0 36 3
-11 1 36 3
-11 2 36 3
-11 3 36 3
-11 4 36 3
-11 5 36 3
-11 6 36 3
-11 7 36 3
-11 8 36 3
-11 16 36 2
-11 8 37 3
-11 0 41 3
-11 1 41 3
-11 2 41 3
-11 3 41 3
-11 4 41 3
-11 5 41 3
-11 6 41 3
-11 7 41 3
-11 0 42 3
-11 1 42 3
-11 2 42 3
-11 3 42 3
-11 4 42 3
-11 5 42 3
-11 6 42 3
-11 7 42 3
-11 21 42 3
-11 22 42 3
-11 23 42 3
-11 24 42 3
-11 25 42 3
-11 0 43 3
-11 1 43 3
-11 2 43 3
-11 3 43 3
-11 4 43 3
-11 5 43 3
-11 6 43 3
-11 7 43 3
-11 17 43 3
-11 21 43 3
-11 25 43 3
-11 0 44 3
-11 1 44 3
-11 2 44 3
-11 3 44 3
-11 5 44 3
-11 6 44 3
-11 7 44 3
-11 17 44 3
-11 21 44 3
-11 25 44 3
-11 17 45 3
-11 21 45 3
-11 25 45 3
-11 17 46 3
-11 21 46 3
-11 25 46 3
-11 26 46 3
-11 27 46 3
-11 28 46 3
-11 29 46 3
-11 30 46 3
-11 31 46 3
-11 32 46 3
-11 33 46 3
-11 17 47 3
-11 21 47 3
-11 25 47 3
-11 26 47 3
-11 27 47 3
-11 28 47 3
-11 29 47 3
-11 30 47 3
-11 31 47 3
-11 32 47 3
-11 5 48 2
-11 17 48 3
-11 21 48 3
-11 25 48 3
-11 0 49 3
-11 4 49 2
-11 5 49 2
-11 17 49 3
-11 21 49 3
-11 25 49 3
-11 0 50 3
-11 4 50 2
-11 5 50 2
-11 17 50 3
-11 18 50 3
-11 19 50 3
-11 20 50 3
-11 21 50 3
-11 22 50 3
-11 23 50 3
-11 24 50 3
-11 25 50 3
-11 5 51 2
-11 22 51 3
-11 23 51 4
-11 24 51 4
-12 8 13 3
-12 5 14 2
-12 8 14 3
-12 9 14 3
-12 10 14 3
-12 11 14 3
-12 12 14 3
-12 4 15 2
-12 5 15 2
-12 11 15 3
-12 4 16 2
-12 5 16 2
-12 11 16 3
-12 5 17 2
-12 8 17 3
-12 11 17 3
-12 8 18 3
-12 11 18 3
-12 8 19 3
-12 8 20 3
-12 8 21 3
-12 8 22 3
-12 8 27 3
-12 8 28 3
-12 8 29 3
-12 8 30 3
-12 8 31 3
-12 8 32 3
-12 0 33 3
-12 1 33 3
-12 2 33 3
-12 3 33 3
-12 4 33 3
-12 5 33 3
-12 6 33 3
-12 7 33 3
-12 8 33 3
-12 16 33 2
-12 0 34 3
-12 4 34 3
-12 15 34 2
-12 16 34 2
-12 1 35 3
-12 5 35 3
-12 15 35 2
-12 16 35 2
-12 0 36 3
-12 1 36 3
-12 2 36 3
-12 3 36 3
-12 4 36 3
-12 5 36 3
-12 6 36 3
-12 7 36 3
-12 8 36 3
-12 16 36 2
-12 8 37 3
-12 0 41 3
-12 1 41 3
-12 2 41 3
-12 3 41 3
-12 4 41 3
-12 5 41 3
-12 6 41 3
-12 7 41 3
-12 0 42 3
-12 1 42 3
-12 2 42 3
-12 3 42 3
-12 4 42 3
-12 5 42 3
-12 6 42 3
-12 7 42 3
-12 17 42 3
-12 21 42 3
-12 22 42 3
-12 23 42 3
-12 24 42 3
-12 0 43 3
-12 1 43 3
-12 2 43 3
-12 3 43 3
-12 4 43 3
-12 5 43 3
-12 6 43 3
-12 7 43 3
-12 17 43 3
-12 21 43 3
-12 25 43 3
-12 0 44 3
-12 1 44 3
-12 2 44 3
-12 3 44 3
-12 4 44 3
-12 5 44 3
-12 6 44 3
-12 7 44 3
-12 17 44 3
-12 21 44 3
-12 25 44 3
-12 21 45 3
-12 25 45 3
-12 26 45 3
-12 17 46 3
-12 21 46 3
-12 25 46 3
-12 26 46 3
-12 27 46 3
-12 28 46 3
-12 29 46 3
-12 30 46 3
-12 31 46 3
-12 32 46 3
-12 17 47 3
-12 21 47 3
-12 25 47 3
-12 26 47 3
-12 27 47 3
-12 28 47 3
-12 29 47 3
-12 30 47 3
-12 31 47 3
-12 32 47 3
-12 5 48 2
-12 17 48 3
-12 21 48 3
-12 25 48 3
-12 30 48 3
-12 0 49 3
-12 4 49 2
-12 5 49 2
-12 17 49 3
-12 21 49 3
-12 25 49 3
-12 0 50 3
-12 4 50 2
-12 5 50 2
-12 17 50 3
-12 18 50 3
-12 19 50 3
-12 20 50 3
-12 21 50 3
-12 22 50 3
-12 23 50 3
-12 24 50 3
-12 25 50 3
-12 5 51 2
-13 5 14 2
-13 6 14 2
-13 8 14 3
-13 9 14 3
-13 10 14 3
-13 11 14 3
-13 12 14 3
-13 13 14 3
-13 5 15 2
-13 8 15 3
-13 9 15 3
-13 10 15 3
-13 11 15 3
-13 12 15 3
-13 5 16 2
-13 8 16 3
-13 9 16 3
-13 10 16 3
-13 11 16 3
-13 12 16 3
-13 13 16 3
-13 14 16 3
-13 5 17 2
-13 6 17 2
-13 8 17 3
-13 9 17 3
-13 10 17 3
-13 11 17 3
-13 12 17 3
-13 13 17 3
-13 8 18 3
-13 9 18 3
-13 10 18 3
-13 11 18 3
-13 12 18 3
-13 8 19 3
-13 8 20 3
-13 8 21 3
-13 8 25 3
-13 8 26 3
-13 8 28 3
-13 8 29 3
-13 8 30 3
-13 8 31 3
-13 8 32 3
-13 0 33 3
-13 1 33 3
-13 3 33 3
-13 5 33 3
-13 6 33 3
-13 7 33 3
-13 8 33 3
-13 9 33 3
-13 10 33 3
-13 11 33 3
-13 12 33 3
-13 13 33 3
-13 14 33 3
-13 15 33 3
-13 16 33 2
-13 17 33 2
-13 0 34 3
-13 1 34 3
-13 2 34 3
-13 3 34 3
-13 4 34 3
-13 5 34 3
-13 6 34 3
-13 7 34 3
-13 8 34 3
-13 16 34 2
-13 0 35 3
-13 1 35 3
-13 2 35 3
-13 3 35 3
-13 4 35 3
-13 5 35 3
-13 6 35 3
-13 7 35 3
-13 8 35 3
-13 16 35 2
-13 0 36 3
-13 1 36 3
-13 2 36 3
-13 3 36 3
-13 6 36 3
-13 7 36 3
-13 8 36 3
-13 9 36 3
-13 10 36 3
-13 11 36 3
-13 12 36 3
-13 13 36 3
-13 14 36 3
-13 15 36 3
-13 16 36 2
-13 17 36 2
-13 8 37 3
-13 8 38 3
-13 8 39 3
-13 0 41 3
-13 1 41 3
-13 2 41 3
-13 3 41 3
-13 6 41 3
-13 7 41 3
-13 0 42 3
-13 1 42 3
-13 2 42 3
-13 3 42 3
-13 4 42 3
-13 5 42 3
-13 6 42 3
-13 7 42 3
-13 21 42 3
-13 22 42 3
-13 23 42 3
-13 24 42 3
-13 0 43 3
-13 1 43 3
-13 2 43 3
-13 3 43 3
-13 4 43 3
-13 5 43 3
-13 6 43 3
-13 7 43 3
-13 21 43 3
-13 25 43 3
-13 2 44 3
-13 3 44 3
-13 4 44 3
-13 5 44 3
-13 7 44 3
-13 21 44 3
-13 25 44 3
-13 21 45 3
-13 25 45 3
-13 21 46 3
-13 25 46 3
-13 17 47 3
-13 18 47 3
-13 19 47 3
-13 20 47 3
-13 21 47 3
-13 25 47 3
-13 28 47 3
-13 5 48 2
-13 6 48 2
-13 17 48 3
-13 21 48 3
-13 25 48 3
-13 5 49 2
-13 17 49 3
-13 21 49 3
-13 25 49 3
-13 5 50 2
-13 18 50 3
-13 19 50 3
-13 20 50 3
-13 21 50 3
-13 22 50 3
-13 23 50 3
-13 24 50 3
-13 25 50 3
-13 5 51 2
-13 6 51 2
-13 22 51 3
-14 5 15 3
-14 5 16 3
-14 8 33 3
-14 15 33 3
-14 8 34 3
-14 8 35 3
-14 8 36 3
-14 18 42 3
-14 19 42 3
-14 20 42 3
-14 21 42 3
-14 22 42 3
-14 23 42 3
-14 24 42 3
-14 25 42 3
-14 17 43 3
-14 18 43 3
-14 19 43 3
-14 20 43 3
-14 21 43 3
-14 25 43 3
-14 17 44 3
-14 18 44 3
-14 19 44 3
-14 20 44 3
-14 21 44 3
-14 25 44 3
-14 17 45 3
-14 18 45 3
-14 19 45 3
-14 20 45 3
-14 21 45 3
-14 25 45 3
-14 17 46 3
-14 18 46 3
-14 19 46 3
-14 20 46 3
-14 21 46 3
-14 25 46 3
-14 17 47 3
-14 21 47 3
-14 25 47 3
-14 17 48 3
-14 21 48 3
-14 25 48 3
-14 17 49 3
-14 21 49 3
-14 25 49 3
-14 18 50 3
-14 20 50 3
-14 21 50 3
-14 22 50 3
-14 23 50 3
-14 24 50 3
-14 25 50 3
-14 22 52 3
-15 5 15 3
-15 5 16 3
-15 8 33 3
-15 8 36 3
-15 17 42 3
-15 18 42 3
-15 19 42 3
-15 20 42 3
-15 21 42 3
-15 22 42 3
-15 23 42 3
-15 25 42 3
-15 17 43 3
-15 21 43 3
-15 25 43 3
-15 17 44 3
-15 18 44 5
-15 21 44 3
-15 25 44 3
-15 17 45 3
-15 21 45 3
-15 22 45 3
-15 23 45 3
-15 24 45 3
-15 25 45 3
-15 17 46 3
-15 18 46 3
-15 19 46 3
-15 20 46 3
-15 21 46 3
-15 22 46 3
-15 23 46 3
-15 24 46 3
-15 25 46 3
-15 17 47 3
-15 21 47 3
-15 25 47 3
-15 17 48 3
-15 21 48 3
-15 25 48 3
-15 17 49 3
-15 21 49 3
-15 22 49 3
-15 23 49 3
-15 24 49 3
-15 25 49 3
-15 17 50 3
-15 18 50 3
-15 19 50 3
-15 20 50 3
-15 21 50 3
-15 22 50 3
-15 23 50 3
-15 25 50 3
-16 12 14 3
-16 13 14 3
-16 5 15 3
-16 12 15 3
-16 5 16 3
-16 11 16 3
-16 12 16 3
-16 11 17 3
-16 12 17 3
-16 8 36 3
-16 13 37 3
-16 24 41 3
-16 17 42 3
-16 18 42 3
-16 19 42 3
-16 20 42 3
-16 21 42 3
-16 22 42 3
-16 23 42 3
-16 24 42 3
-16 25 42 3
-16 17 43 3
-16 21 43 3
-16 25 43 3
-16 17 44 3
-16 21 44 3
-16 25 44 3
-16 17 45 3
-16 21 45 3
-16 22 45 3
-16 23 45 3
-16 24 45 3
-16 25 45 3
-16 17 46 3
-16 20 46 3
-16 21 46 3
-16 25 46 3
-16 17 47 3
-16 21 47 3
-16 25 47 3
-16 17 48 3
-16 21 48 3
-16 25 48 3
-16 17 49 3
-16 21 49 3
-16 25 49 3
-16 17 50 3
-16 18 50 3
-16 19 50 3
-16 20 50 3
-16 21 50 3
-16 22 50 3
-16 24 50 3
-16 25 50 3
-16 22 53 3
-16 23 53 5
-17 5 13 3
-17 6 13 3
-17 7 13 3
-17 5 14 3
-17 12 14 3
-17 5 15 3
-17 12 15 3
-17 5 16 3
-17 12 16 3
-17 5 17 3
-17 10 17 3
-17 11 17 3
-17 10 31 3
-17 8 33 3
-17 8 36 3
-17 1 41 3
-17 1 42 3
-17 17 42 3
-17 18 42 3
-17 19 42 3
-17 20 42 3
-17 21 42 3
-17 23 42 3
-17 24 42 3
-17 25 42 3
-17 1 43 3
-17 17 43 3
-17 21 43 3
-17 25 43 3
-17 1 44 3
-17 17 44 3
-17 21 44 3
-17 25 44 3
-17 17 45 3
-17 21 45 3
-17 22 45 3
-17 23 45 3
-17 24 45 3
-17 25 45 3
-17 20 46 3
-17 21 46 3
-17 25 46 3
-17 31 46 3
-17 17 47 3
-17 21 47 3
-17 25 47 3
-17 29 47 3
-17 0 48 3
-17 17 48 3
-17 21 48 3
-17 25 48 3
-17 0 49 3
-17 4 49 3
-17 17 49 3
-17 21 49 3
-17 25 49 3
-17 0 50 3
-17 4 50 3
-17 17 50 3
-17 18 50 3
-17 19 50 3
-17 20 50 3
-17 21 50 3
-17 22 50 3
-17 23 50 3
-17 24 50 3
-17 25 50 3
-17 0 51 3
-17 22 51 3
-18 5 13 3
-18 6 13 3
-18 7 13 3
-18 5 14 3
-18 6 14 4
-18 7 14 4
-18 12 14 3
-18 5 15 3
-18 6 15 3
-18 7 15 3
-18 8 15 3
-18 9 15 3
-18 10 15 3
-18 11 15 3
-18 12 15 3
-18 5 16 3
-18 6 16 3
-18 7 16 3
-18 8 16 3
-18 9 16 3
-18 10 16 3
-18 11 16 3
-18 12 16 3
-18 5 17 3
-18 9 17 3
-18 10 17 3
-18 17 28 3
-18 17 29 3
-18 10 31 3
-18 15 32 3
-18 15 33 3
-18 8 36 3
-18 13 37 3
-18 1 41 3
-18 18 42 3
-18 19 42 3
-18 20 42 3
-18 21 42 3
-18 22 42 3
-18 23 42 3
-18 24 42 3
-18 25 42 3
-18 17 43 3
-18 21 43 3
-18 25 43 3
-18 1 44 3
-18 17 44 3
-18 21 44 3
-18 25 44 3
-18 17 45 3
-18 21 45 3
-18 22 45 3
-18 23 45 3
-18 24 45 3
-18 25 45 3
-18 27 45 3
-18 17 46 3
-18 18 46 3
-18 19 46 3
-18 20 46 3
-18 21 46 3
-18 25 46 3
-18 26 46 3
-18 27 46 3
-18 28 46 3
-18 29 46 3
-18 30 46 3
-18 31 46 3
-18 32 46 3
-18 33 46 3
-18 17 47 3
-18 18 47 3
-18 19 47 3
-18 21 47 3
-18 25 47 3
-18 26 47 3
-18 27 47 3
-18 28 47 3
-18 29 47 3
-18 30 47 3
-18 31 47 3
-18 32 47 3
-18 33 47 3
-18 0 48 3
-18 4 48 3
-18 17 48 3
-18 18 48 4
-18 19 48 4
-18 21 48 3
-18 25 48 3
-18 0 49 3
-18 17 49 3
-18 18 49 3
-18 19 49 3
-18 21 49 3
-18 25 49 3
-18 0 50 3
-18 18 50 3
-18 19 50 3
-18 21 50 3
-18 22 50 3
-18 23 50 3
-18 25 50 3
-18 0 51 3
-19 5 13 3
-19 6 13 3
-19 7 13 3
-19 5 14 3
-19 12 14 3
-19 5 15 3
-19 6 15 3
-19 7 15 3
-19 8 15 3
-19 9 15 3
-19 10 15 3
-19 11 15 3
-19 12 15 3
-19 5 16 3
-19 6 16 3
-19 7 16 3
-19 8 16 3
-19 9 16 3
-19 10 16 3
-19 11 16 3
-19 12 16 3
-19 5 17 3
-19 8 17 3
-19 9 17 3
-19 17 28 3
-19 17 29 3
-19 10 31 3
-19 0 32 3
-19 1 32 3
-19 2 32 3
-19 3 32 3
-19 4 32 3
-19 5 32 3
-19 6 32 3
-19 7 32 3
-19 8 32 3
-19 9 32 3
-19 10 32 3
-19 11 32 3
-19 15 32 3
-19 15 33 3
-19 8 36 3
-19 13 37 3
-19 1 41 3
-19 23 41 3
-19 18 42 3
-19 19 42 3
-19 20 42 3
-19 21 42 3
-19 22 42 3
-19 23 42 3
-19 24 42 3
-19 25 42 3
-19 17 43 3
-19 18 43 3
-19 19 43 3
-19 20 43 3
-19 21 43 3
-19 25 43 3
-19 1 44 3
-19 17 44 3
-19 18 44 3
-19 19 44 3
-19 20 44 3
-19 21 44 3
-19 25 44 3
-19 17 45 3
-19 18 45 3
-19 19 45 3
-19 20 45 3
-19 21 45 3
-19 22 45 3
-19 23 45 3
-19 24 45 3
-19 25 45 3
-19 17 46 3
-19 18 46 3
-19 19 46 3
-19 20 46 3
-19 21 46 3
-19 25 46 3
-19 26 46 3
-19 27 46 3
-19 28 46 3
-19 29 46 3
-19 30 46 3
-19 31 46 3
-19 32 46 3
-19 33 46 3
-19 34 46 3
-19 17 47 3
-19 21 47 3
-19 25 47 3
-19 26 47 3
-19 27 47 3
-19 28 47 3
-19 29 47 3
-19 30 47 3
-19 31 47 3
-19 32 47 3
-19 33 47 3
-19 34 47 3
-19 35 47 3
-19 0 48 3
-19 4 48 3
-19 17 48 3
-19 21 48 3
-19 22 48 3
-19 23 48 3
-19 24 48 3
-19 25 48 3
-19 0 49 3
-19 17 49 3
-19 21 49 3
-19 22 49 4
-19 23 49 4
-19 25 49 3
-19 0 50 3
-19 18 50 3
-19 19 50 3
-19 21 50 3
-19 22 50 3
-19 23 50 3
-19 24 50 3
-19 25 50 3
-19 0 51 3
-19 4 51 3
-20 5 13 3
-20 6 13 3
-20 7 13 3
-20 5 14 3
-20 12 14 3
-20 13 14 3
-20 5 15 3
-20 6 15 3
-20 12 15 3
-20 5 16 3
-20 6 16 3
-20 7 16 3
-20 12 16 3
-20 13 16 3
-20 5 17 3
-20 6 17 5
-20 7 17 3
-20 8 17 3
-20 10 31 3
-20 12 34 3
-20 12 37 3
-20 12 38 3
-20 33 39 3
-20 32 40 3
-20 33 40 3
-20 1 41 3
-20 32 41 3
-20 33 41 3
-20 1 42 3
-20 17 42 3
-20 18 42 3
-20 19 42 3
-20 20 42 3
-20 21 42 3
-20 22 42 3
-20 23 42 3
-20 24 42 3
-20 25 42 3
-20 32 42 3
-20 33 42 3
-20 1 43 3
-20 17 43 3
-20 18 43 3
-20 19 43 3
-20 20 43 3
-20 21 43 3
-20 25 43 3
-20 32 43 3
-20 1 44 3
-20 17 44 3
-20 18 44 3
-20 19 44 3
-20 20 44 3
-20 21 44 3
-20 22 44 3
-20 25 44 3
-20 32 44 3
-20 33 44 3
-20 17 45 3
-20 18 45 3
-20 19 45 3
-20 20 45 3
-20 21 45 3
-20 22 45 3
-20 23 45 3
-20 24 45 3
-20 25 45 3
-20 32 45 3
-20 33 45 3
-20 17 46 3
-20 18 46 3
-20 19 46 3
-20 20 46 3
-20 21 46 3
-20 22 46 3
-20 23 46 5
-20 24 46 3
-20 25 46 3
-20 32 46 3
-20 33 46 3
-20 17 47 3
-20 18 47 3
-20 22 47 3
-20 23 47 3
-20 24 47 3
-20 25 47 3
-20 32 47 3
-20 33 47 3
-20 0 48 3
-20 17 48 3
-20 18 48 3
-20 22 48 3
-20 23 48 3
-20 24 48 3
-20 25 48 3
-20 26 48 3
-20 33 48 3
-20 0 49 3
-20 4 49 3
-20 17 49 3
-20 18 49 3
-20 22 49 3
-20 26 49 3
-20 0 50 3
-20 4 50 3
-20 17 50 3
-20 18 50 3
-20 19 50 3
-20 20 50 3
-20 21 50 3
-20 22 50 3
-20 23 50 3
-20 24 50 3
-20 25 50 3
-20 26 50 3
-20 0 51 3
-21 12 14 3
-21 12 15 3
-21 12 16 3
-21 18 23 3
-21 18 24 3
-21 18 25 3
-21 10 31 3
-21 8 36 3
-21 13 37 3
-21 32 38 3
-21 32 39 3
-21 33 39 3
-21 32 40 3
-21 33 40 3
-21 32 41 3
-21 33 41 3
-21 17 42 3
-21 18 42 3
-21 19 42 3
-21 20 42 3
-21 21 42 3
-21 22 42 3
-21 24 42 3
-21 25 42 3
-21 33 42 3
-21 17 43 3
-21 18 43 3
-21 19 43 3
-21 20 43 3
-21 21 43 3
-21 25 43 3
-21 33 43 3
-21 17 44 3
-21 18 44 3
-21 19 44 3
-21 20 44 3
-21 21 44 3
-21 22 44 3
-21 23 44 3
-21 24 44 3
-21 25 44 3
-21 32 44 3
-21 33 44 3
-21 17 45 3
-21 18 45 3
-21 19 45 3
-21 20 45 3
-21 21 45 3
-21 22 45 3
-21 23 45 3
-21 24 45 3
-21 25 45 3
-21 32 45 3
-21 33 45 3
-21 17 46 3
-21 18 46 3
-21 19 46 3
-21 20 46 3
-21 21 46 3
-21 22 46 3
-21 23 46 3
-21 24 46 3
-21 25 46 3
-21 32 46 3
-21 33 46 3
-21 17 47 3
-21 18 47 3
-21 19 47 3
-21 23 47 3
-21 24 47 3
-21 25 47 3
-21 32 47 3
-21 33 47 3
-21 17 48 3
-21 18 48 3
-21 19 48 3
-21 23 48 3
-21 24 48 3
-21 25 48 3
-21 26 48 3
-21 27 48 3
-21 32 48 3
-21 33 48 3
-21 17 49 3
-21 18 49 3
-21 19 49 3
-21 23 49 3
-21 27 49 3
-21 33 49 3
-21 17 50 3
-21 18 50 3
-21 19 50 3
-21 20 50 3
-21 21 50 3
-21 22 50 3
-21 23 50 3
-21 24 50 3
-21 25 50 3
-21 26 50 3
-21 27 50 3
-22 12 14 3
-22 12 15 3
-22 12 16 3
-22 18 23 3
-22 18 24 3
-22 18 25 3
-22 10 31 3
-22 8 36 3
-22 4 37 3
-22 5 37 3
-22 6 37 3
-22 7 37 3
-22 8 37 3
-22 9 37 3
-22 10 37 3
-22 11 37 3
-22 12 37 3
-22 13 37 3
-22 14 37 3
-22 15 37 3
-22 16 37 3
-22 22 41 3
-22 17 42 3
-22 18 42 3
-22 19 42 3
-22 20 42 3
-22 21 42 3
-22 22 42 3
-22 23 42 3
-22 24 42 3
-22 25 42 3
-22 17 43 3
-22 18 43 3
-22 19 43 3
-22 20 43 3
-22 21 43 3
-22 25 43 3
-22 17 44 3
-22 18 44 3
-22 19 44 3
-22 20 44 3
-22 21 44 3
-22 25 44 3
-22 17 45 3
-22 18 45 3
-22 19 45 3
-22 20 45 3
-22 24 45 3
-22 25 45 3
-22 17 46 3
-22 18 46 3
-22 19 46 3
-22 24 46 3
-22 25 46 3
-22 17 47 3
-22 18 47 3
-22 19 47 3
-22 24 47 3
-22 25 47 3
-22 17 48 3
-22 18 48 3
-22 19 48 3
-22 24 48 3
-22 25 48 3
-22 26 48 3
-22 27 48 3
-22 17 49 3
-22 18 49 3
-22 19 49 3
-22 24 49 3
-22 27 49 3
-22 17 50 3
-22 18 50 3
-22 19 50 3
-22 20 50 3
-22 21 50 3
-22 23 50 3
-22 24 50 3
-22 25 50 3
-22 26 50 3
-22 27 50 3
-23 12 14 3
-23 12 15 3
-23 12 16 3
-23 18 23 3
-23 19 23 3
-23 18 24 3
-23 16 25 3
-23 17 25 3
-23 18 25 3
-23 9 30 3
-23 9 31 3
-23 10 31 3
-23 15 31 3
-23 9 32 3
-23 9 33 3
-23 9 35 3
-23 8 36 3
-23 9 36 3
-23 9 37 3
-23 9 38 3
-23 19 42 3
-23 20 42 3
-23 21 42 3
-23 22 42 3
-23 23 42 3
-23 24 42 3
-23 17 43 3
-23 18 43 3
-23 19 43 3
-23 20 43 3
-23 21 43 3
-23 25 43 3
-23 17 44 3
-23 18 44 3
-23 19 44 3
-23 20 44 3
-23 21 44 3
-23 25 44 3
-23 17 45 3
-23 18 45 3
-23 19 45 3
-23 20 45 3
-23 24 45 3
-23 25 45 3
-23 17 46 3
-23 18 46 3
-23 19 46 3
-23 24 46 3
-23 25 46 3
-23 26 46 3
-23 17 47 3
-23 18 47 3
-23 19 47 3
-23 24 47 3
-23 25 47 3
-23 26 47 3
-23 27 47 3
-23 17 48 3
-23 18 48 3
-23 19 48 3
-23 24 48 3
-23 25 48 3
-23 26 48 3
-23 27 48 3
-23 17 49 3
-23 18 49 3
-23 19 49 3
-23 24 49 3
-23 27 49 3
-23 17 50 3
-23 18 50 3
-23 19 50 3
-23 20 50 3
-23 21 50 3
-23 22 50 3
-23 23 50 3
-23 24 50 3
-23 25 50 3
-23 26 50 3
-23 27 50 3
-24 12 12 3
-24 13 12 3
-24 14 12 3
-24 15 12 3
-24 12 13 3
-24 13 13 3
-24 14 13 3
-24 15 13 3
-24 16 13 3
-24 12 14 3
-24 13 14 3
-24 14 14 3
-24 15 14 3
-24 16 14 3
-24 17 14 3
-24 12 15 3
-24 13 15 4
-24 14 15 4
-24 15 15 3
-24 16 15 3
-24 17 15 3
-24 18 15 3
-24 12 16 3
-24 13 16 3
-24 14 16 3
-24 15 16 3
-24 16 16 3
-24 17 16 3
-24 12 17 3
-24 13 17 3
-24 14 17 3
-24 15 17 3
-24 16 17 3
-24 12 18 3
-24 13 18 3
-24 14 18 3
-24 15 18 3
-24 17 23 3
-24 17 24 3
-24 17 25 3
-24 10 31 3
-24 15 31 3
-24 6 32 3
-24 7 32 3
-24 8 32 3
-24 9 32 3
-24 10 32 3
-24 11 32 3
-24 12 32 3
-24 13 32 3
-24 14 32 3
-24 15 32 3
-24 16 32 3
-24 17 32 3
-24 18 32 3
-24 19 32 3
-24 20 32 3
-24 21 32 3
-24 8 36 3
-24 2 42 3
-24 19 42 3
-24 20 42 3
-24 21 42 3
-24 22 42 3
-24 23 42 3
-24 2 43 3
-24 17 43 3
-24 18 43 3
-24 19 43 3
-24 20 43 3
-24 21 43 3
-24 22 43 3
-24 23 43 3
-24 24 43 3
-24 2 44 3
-24 17 44 3
-24 18 44 3
-24 19 44 3
-24 20 44 3
-24 21 44 3
-24 22 44 3
-24 23 44 3
-24 24 44 3
-24 25 44 3
-24 18 45 3
-24 19 45 3
-24 20 45 3
-24 21 45 3
-24 22 45 3
-24 23 45 3
-24 24 45 3
-24 25 45 3
-24 18 46 3
-24 19 46 3
-24 20 46 3
-24 21 46 3
-24 22 46 3
-24 23 46 3
-24 24 46 3
-24 25 46 3
-24 26 46 3
-24 17 47 3
-24 18 47 3
-24 19 47 3
-24 20 47 3
-24 21 47 3
-24 22 47 3
-24 23 47 3
-24 24 47 3
-24 25 47 3
-24 26 47 3
-24 3 48 3
-24 17 48 3
-24 18 48 3
-24 19 48 3
-24 20 48 3
-24 21 48 3
-24 22 48 3
-24 23 48 3
-24 24 48 3
-24 25 48 3
-24 26 48 3
-24 27 48 3
-24 3 49 3
-24 17 49 3
-24 18 49 3
-24 19 49 3
-24 20 49 3
-24 21 49 3
-24 22 49 3
-24 23 49 3
-24 24 49 3
-24 27 49 3
-24 3 50 3
-24 18 50 3
-24 19 50 3
-24 20 50 3
-24 21 50 3
-24 22 50 3
-24 23 50 3
-24 24 50 3
-24 25 50 3
-24 26 50 3
-24 27 50 3
-24 3 51 3
-25 12 14 3
-25 12 15 3
-25 12 16 3
-25 17 23 3
-25 17 24 3
-25 17 25 3
-25 10 31 3
-25 15 31 3
-25 17 33 3
-25 2 41 3
-25 2 44 3
-25 21 44 3
-25 20 47 3
-25 3 48 3
-25 22 49 3
-26 12 14 3
-26 12 15 3
-26 12 16 3
-26 17 23 3
-26 18 23 3
-26 17 24 3
-26 15 25 3
-26 16 25 3
-26 17 25 3
-26 13 37 3
-26 20 37 2
-26 21 37 2
-26 20 38 2
-26 20 39 2
-26 20 40 2
-26 21 40 2
-26 2 41 3
-26 2 44 3
-26 3 48 3
-26 3 51 3
-27 13 14 3
-27 13 15 3
-27 13 16 3
-27 14 17 3
-27 14 18 3
-27 14 19 3
-27 15 20 3
-27 15 21 3
-27 15 22 3
-27 16 23 3
-27 16 24 3
-27 16 25 3
-27 14 29 3
-27 14 30 3
-27 10 31 3
-27 14 33 3
-27 14 34 3
-27 13 37 3
-27 20 37 2
-27 19 38 2
-27 20 38 2
-27 19 39 2
-27 20 39 2
-27 20 40 2
-27 2 41 3
-27 2 42 3
-27 2 43 3
-27 2 44 3
-27 3 49 3
-27 3 50 3
-27 3 51 3
-28 13 14 3
-28 13 15 3
-28 13 16 3
-28 14 17 3
-28 14 18 3
-28 14 19 3
-28 15 20 3
-28 15 21 3
-28 15 22 3
-28 16 23 3
-28 16 24 3
-28 16 25 3
-28 15 31 3
-28 13 37 3
-28 20 37 2
-28 19 38 2
-28 20 38 2
-28 19 39 2
-28 20 39 2
-28 20 40 2
-29 13 14 3
-29 14 14 3
-29 13 15 3
-29 13 16 3
-29 14 17 3
-29 15 17 3
-29 14 18 3
-29 12 19 3
-29 13 19 3
-29 14 19 3
-29 15 20 3
-29 16 20 3
-29 15 21 3
-29 13 22 3
-29 14 22 3
-29 15 22 3
-29 16 23 3
-29 17 23 3
-29 16 24 3
-29 14 25 3
-29 15 25 3
-29 16 25 3
-29 20 37 2
-29 21 37 2
-29 20 38 2
-29 20 39 2
-29 20 40 2
-29 21 40 2
