1346
-48 5 71 1
-48 6 71 1
-48 7 71 4
-48 5 72 1
-48 5 73 1
-48 5 74 1
-48 5 75 1
-48 6 75 5
-48 7 75 5
-48 5 78 1
-48 5 79 1
-50 7 65 1
-50 8 65 1
-50 8 66 1
-50 9 66 1
-50 9 67 1
-50 10 67 1
-50 10 68 1
-51 6 65 1
-51 7 65 1
-51 0 66 1
-51 1 66 1
-51 2 66 1
-51 3 66 1
-51 4 66 1
-51 5 66 1
-51 6 66 1
-51 7 66 1
-51 8 66 1
-51 9 66 1
-51 10 66 2
-51 11 66 2
-51 0 67 1
-51 1 67 1
-51 2 67 1
-51 3 67 1
-51 4 67 1
-51 5 67 1
-51 6 67 1
-51 8 67 1
-51 9 67 1
-51 10 67 2
-51 0 68 1
-51 1 68 1
-51 2 68 1
-51 3 68 1
-51 4 68 1
-51 5 68 1
-51 6 68 1
-51 7 68 1
-51 8 68 1
-51 9 68 1
-51 10 68 2
-51 0 69 1
-51 1 69 1
-51 2 69 1
-51 3 69 1
-51 4 69 1
-51 5 69 1
-51 6 69 1
-51 7 69 1
-51 8 69 1
-51 9 69 1
-51 10 69 2
-51 11 69 2
-51 5 70 1
-51 6 70 1
-51 7 70 1
-51 8 70 1
-51 9 70 1
-51 5 71 1
-51 6 71 1
-51 8 71 1
-51 5 72 1
-51 6 72 1
-51 7 72 1
-51 8 72 1
-51 5 73 1
-51 6 73 1
-51 7 73 1
-51 8 73 1
-51 5 74 1
-51 6 74 1
-51 7 74 1
-51 8 74 1
-51 5 75 1
-51 6 75 1
-51 8 75 1
-51 5 76 1
-51 6 76 1
-51 7 76 1
-51 8 76 1
-51 5 77 1
-51 6 77 1
-51 7 77 1
-51 8 77 1
-51 5 78 1
-51 6 78 1
-51 7 78 1
-51 8 78 1
-51 5 79 1
-51 6 79 1
-51 8 79 1
-51 5 80 1
-51 6 80 1
-51 7 80 1
-51 8 80 1
-51 5 81 1
-51 6 81 1
-52 5 65 1
-52 6 65 1
-52 0 66 1
-52 1 66 1
-52 2 66 1
-52 3 66 1
-52 4 66 1
-52 5 66 1
-52 8 66 1
-52 9 66 1
-52 10 66 2
-52 0 67 1
-52 1 67 1
-52 2 67 1
-52 3 67 1
-52 4 67 1
-52 5 67 1
-52 8 67 1
-52 9 67 1
-52 10 67 2
-52 0 68 1
-52 1 68 1
-52 2 68 1
-52 3 68 1
-52 4 68 1
-52 5 68 1
-52 8 68 1
-52 9 68 1
-52 10 68 2
-52 0 69 1
-52 1 69 1
-52 2 69 1
-52 3 69 1
-52 4 69 1
-52 5 69 1
-52 6 69 5
-52 7 69 5
-52 8 69 1
-52 9 69 1
-52 10 69 2
-52 5 70 1
-52 8 70 1
-52 9 70 1
-52 5 71 1
-52 8 71 1
-52 5 72 1
-52 8 72 1
-52 5 73 1
-52 8 73 1
-52 5 74 1
-52 8 74 1
-52 5 75 1
-52 8 75 1
-52 5 76 1
-52 8 76 1
-52 5 77 1
-52 6 77 5
-52 7 77 5
-52 8 77 1
-52 5 78 1
-52 8 78 1
-52 5 79 1
-52 8 79 1
-52 5 80 1
-52 8 80 1
-52 5 81 1
-52 6 82 1
-53 5 65 1
-53 0 66 1
-53 1 66 1
-53 2 66 1
-53 3 66 1
-53 4 66 1
-53 5 66 1
-53 8 66 1
-53 9 66 1
-53 10 66 2
-53 0 67 1
-53 1 67 1
-53 2 67 1
-53 3 67 1
-53 4 67 1
-53 5 67 1
-53 8 67 1
-53 9 67 1
-53 10 67 2
-53 0 68 1
-53 1 68 1
-53 2 68 1
-53 3 68 1
-53 4 68 1
-53 5 68 1
-53 8 68 1
-53 9 68 1
-53 10 68 2
-53 0 69 1
-53 1 69 1
-53 2 69 1
-53 3 69 1
-53 4 69 1
-53 5 69 1
-53 6 69 1
-53 7 69 1
-53 8 69 1
-53 9 69 1
-53 10 69 2
-53 5 70 1
-53 6 70 4
-53 8 70 1
-53 9 70 1
-53 5 71 1
-53 8 71 1
-53 5 72 1
-53 8 72 1
-53 5 73 1
-53 8 73 1
-53 5 74 1
-53 8 74 1
-53 5 75 1
-53 8 75 1
-53 5 76 1
-53 8 76 1
-53 5 77 1
-53 6 77 1
-53 7 77 1
-53 8 77 1
-53 5 78 1
-53 8 78 1
-53 5 79 1
-53 8 79 1
-53 5 80 1
-53 8 80 1
-53 5 81 1
-53 6 82 1
-54 0 66 1
-54 1 66 1
-54 2 66 1
-54 3 66 1
-54 4 66 1
-54 5 66 1
-54 6 66 1
-54 7 66 1
-54 8 66 1
-54 9 66 1
-54 10 66 2
-54 11 66 2
-54 0 67 1
-54 1 67 1
-54 2 67 1
-54 3 67 1
-54 4 67 1
-54 5 67 1
-54 6 67 1
-54 7 67 1
-54 8 67 1
-54 9 67 1
-54 10 67 2
-54 0 68 1
-54 1 68 1
-54 2 68 1
-54 3 68 1
-54 4 68 1
-54 5 68 1
-54 6 68 1
-54 7 68 1
-54 8 68 1
-54 9 68 1
-54 10 68 2
-54 0 69 1
-54 1 69 1
-54 2 69 1
-54 3 69 1
-54 4 69 1
-54 5 69 1
-54 6 69 1
-54 7 69 1
-54 8 69 1
-54 9 69 1
-54 10 69 2
-54 11 69 2
-54 5 70 1
-54 6 70 1
-54 7 70 1
-54 8 70 1
-54 9 70 1
-54 5 71 1
-54 6 71 1
-54 7 71 1
-54 8 71 1
-54 5 72 1
-54 6 72 1
-54 7 72 1
-54 8 72 1
-54 5 73 1
-54 6 73 1
-54 7 73 1
-54 8 73 1
-54 5 74 1
-54 6 74 1
-54 7 74 1
-54 8 74 1
-54 5 75 1
-54 6 75 1
-54 7 75 1
-54 8 75 1
-54 5 76 1
-54 6 76 1
-54 7 76 1
-54 8 76 1
-54 5 77 1
-54 6 77 1
-54 7 77 1
-54 8 77 1
-54 5 78 1
-54 8 78 1
-54 5 79 1
-54 8 79 1
-54 5 80 1
-54 6 80 1
-54 7 80 1
-54 8 80 1
-54 5 81 1
-54 6 81 4
-55 0 77 1
-55 1 77 1
-55 2 77 1
-55 3 77 1
-55 4 77 1
-55 5 77 1
-55 6 77 1
-55 7 77 1
-55 8 77 1
-55 9 77 1
-55 10 77 1
-55 11 77 1
-55 0 78 1
-55 1 78 1
-55 2 78 1
-55 3 78 1
-55 4 78 1
-55 5 78 1
-55 8 78 1
-55 9 78 1
-55 10 78 1
-55 0 79 1
-55 1 79 1
-55 2 79 1
-55 3 79 1
-55 4 79 1
-55 5 79 1
-55 8 79 1
-55 9 79 1
-55 10 79 1
-55 0 80 1
-55 1 80 1
-55 2 80 1
-55 3 80 1
-55 4 80 1
-55 5 80 1
-55 6 80 1
-55 7 80 1
-55 8 80 1
-55 9 80 1
-55 10 80 1
-55 11 80 1
-56 0 77 1
-56 1 77 1
-56 2 77 1
-56 3 77 1
-56 4 77 1
-56 5 77 1
-56 6 77 1
-56 7 77 1
-56 8 77 1
-56 9 77 1
-56 10 77 1
-56 0 78 1
-56 1 78 1
-56 2 78 1
-56 3 78 1
-56 4 78 1
-56 5 78 1
-56 10 78 1
-56 0 79 1
-56 1 79 1
-56 2 79 1
-56 3 79 1
-56 4 79 1
-56 5 79 1
-56 10 79 1
-56 0 80 1
-56 1 80 1
-56 2 80 1
-56 3 80 1
-56 4 80 1
-56 5 80 1
-56 6 80 1
-56 7 80 1
-56 8 80 1
-56 9 80 1
-56 10 80 1
-57 11 50 1
-57 12 50 1
-57 13 50 1
-57 14 50 1
-57 11 51 1
-57 12 51 1
-57 13 51 1
-57 14 51 1
-57 11 52 1
-57 12 52 1
-57 13 52 1
-57 14 52 1
-57 11 53 1
-57 12 53 1
-57 13 53 1
-57 14 53 1
-57 11 54 1
-57 12 54 1
-57 13 54 1
-57 14 54 1
-57 11 55 1
-57 12 55 1
-57 13 55 1
-57 14 55 1
-57 11 56 1
-57 12 56 1
-57 13 56 1
-57 14 56 1
-57 11 57 1
-57 12 57 1
-57 14 57 1
-57 11 58 1
-57 12 58 1
-57 14 58 1
-57 11 59 1
-57 12 59 1
-57 13 59 1
-57 14 59 1
-57 11 60 1
-57 12 60 1
-57 13 60 1
-57 14 60 1
-57 11 61 1
-57 12 61 1
-57 13 61 1
-57 14 61 1
-57 11 62 1
-57 12 62 1
-57 13 62 1
-57 14 62 1
-57 11 63 1
-57 12 63 1
-57 13 63 1
-57 14 63 1
-57 11 64 1
-57 12 64 1
-57 14 64 1
-57 11 65 1
-57 12 65 1
-57 13 65 1
-57 14 65 1
-57 11 66 1
-57 11 67 1
-57 11 68 1
-57 12 68 6
-57 11 69 1
-57 11 70 1
-57 12 70 1
-57 13 70 1
-57 14 70 1
-57 0 77 1
-57 1 77 1
-57 2 77 1
-57 3 77 1
-57 4 77 1
-57 5 77 1
-57 6 77 1
-57 7 77 1
-57 8 77 1
-57 9 77 1
-57 10 77 1
-57 0 78 1
-57 1 78 1
-57 2 78 1
-57 3 78 1
-57 4 78 1
-57 5 78 1
-57 6 78 1
-57 10 78 1
-57 0 79 1
-57 1 79 1
-57 2 79 1
-57 3 79 1
-57 4 79 1
-57 5 79 1
-57 6 79 1
-57 7 79 1
-57 10 79 1
-57 0 80 1
-57 1 80 1
-57 2 80 1
-57 3 80 1
-57 4 80 1
-57 5 80 1
-57 6 80 1
-57 7 80 1
-57 8 80 1
-57 9 80 1
-57 10 80 1
-58 0 45 2
-58 1 45 2
-58 0 46 2
-58 0 47 2
-58 0 48 2
-58 1 48 2
-58 11 50 1
-58 12 50 1
-58 13 50 1
-58 14 50 1
-58 0 51 2
-58 1 51 2
-58 11 51 1
-58 0 52 2
-58 11 52 1
-58 0 53 2
-58 11 53 1
-58 0 54 2
-58 1 54 2
-58 11 54 1
-58 11 55 1
-58 12 55 1
-58 14 55 1
-58 11 56 1
-58 12 56 4
-58 11 57 1
-58 12 57 6
-58 0 58 1
-58 1 58 1
-58 2 58 1
-58 3 58 1
-58 4 58 1
-58 11 58 1
-58 12 58 7
-58 11 59 1
-58 12 59 6
-58 11 60 1
-58 12 60 1
-58 13 60 1
-58 14 60 1
-58 11 61 1
-58 12 61 1
-58 13 61 4
-58 11 62 1
-58 12 62 9
-58 13 62 9
-58 11 63 1
-58 12 63 8
-58 13 63 8
-58 11 64 1
-58 11 65 1
-58 12 65 1
-58 13 65 1
-58 14 65 1
-58 11 66 1
-58 11 67 1
-58 11 68 1
-58 11 69 1
-58 11 70 1
-58 12 70 1
-58 14 70 1
-58 0 77 1
-58 1 77 1
-58 2 77 1
-58 3 77 1
-58 4 77 1
-58 5 77 1
-58 6 77 1
-58 7 77 1
-58 8 77 1
-58 9 77 1
-58 10 77 1
-58 11 77 1
-58 0 78 1
-58 1 78 1
-58 2 78 1
-58 3 78 1
-58 4 78 1
-58 5 78 1
-58 6 78 1
-58 7 78 1
-58 8 78 1
-58 9 78 4
-58 10 78 1
-58 0 79 1
-58 1 79 1
-58 2 79 1
-58 3 79 1
-58 4 79 1
-58 5 79 1
-58 6 79 1
-58 7 79 1
-58 8 79 5
-58 9 79 5
-58 10 79 1
-58 0 80 1
-58 1 80 1
-58 2 80 1
-58 3 80 1
-58 4 80 1
-58 5 80 1
-58 6 80 1
-58 7 80 1
-58 8 80 1
-58 9 80 1
-58 10 80 1
-58 11 80 1
-59 0 45 2
-59 0 46 2
-59 0 47 2
-59 0 48 2
-59 11 50 1
-59 12 50 1
-59 13 50 1
-59 14 50 1
-59 0 51 2
-59 11 51 1
-59 0 52 2
-59 0 53 2
-59 0 54 2
-59 11 54 1
-59 11 55 1
-59 12 55 5
-59 13 55 5
-59 14 55 1
-59 11 56 1
-59 11 57 1
-59 0 58 1
-59 2 58 1
-59 4 58 1
-59 11 58 1
-59 11 59 1
-59 11 60 1
-59 12 60 1
-59 13 60 1
-59 14 60 1
-59 11 61 1
-59 12 61 8
-59 13 61 8
-59 11 62 1
-59 12 62 1
-59 14 62 1
-59 11 63 1
-59 12 63 1
-59 14 63 1
-59 11 64 1
-59 11 65 1
-59 12 65 5
-59 13 65 5
-59 14 65 1
-59 11 66 1
-59 11 67 1
-59 11 68 1
-59 11 69 1
-59 11 70 1
-59 12 70 1
-59 14 70 1
-59 7 77 1
-59 7 78 1
-59 7 79 1
-59 7 80 1
-60 0 45 2
-60 0 46 2
-60 0 47 2
-60 0 48 2
-60 11 50 1
-60 12 50 1
-60 13 50 1
-60 14 50 1
-60 0 51 2
-60 11 51 1
-60 0 52 2
-60 0 53 2
-60 0 54 2
-60 11 54 1
-60 11 55 1
-60 12 55 1
-60 14 55 1
-60 11 56 1
-60 11 57 1
-60 0 58 1
-60 2 58 1
-60 4 58 1
-60 11 58 1
-60 11 59 1
-60 11 60 1
-60 12 60 1
-60 13 60 1
-60 14 60 1
-60 11 61 1
-60 12 61 9
-60 13 61 9
-60 11 62 1
-60 12 62 1
-60 14 62 1
-60 11 63 1
-60 12 63 1
-60 14 63 1
-60 11 64 1
-60 11 65 1
-60 12 65 1
-60 13 65 1
-60 14 65 1
-60 11 66 1
-60 11 67 1
-60 11 68 1
-60 11 69 1
-60 11 70 1
-60 12 70 1
-60 13 70 1
-60 14 70 1
-60 0 77 1
-60 0 78 1
-60 7 78 1
-60 7 79 1
-61 0 45 2
-61 1 45 2
-61 0 46 2
-61 0 47 2
-61 0 48 2
-61 1 48 2
-61 11 50 1
-61 12 50 1
-61 13 50 1
-61 14 50 1
-61 0 51 2
-61 1 51 2
-61 11 51 1
-61 0 52 2
-61 11 52 1
-61 0 53 2
-61 11 53 1
-61 0 54 2
-61 1 54 2
-61 11 54 1
-61 11 55 1
-61 12 55 1
-61 13 55 1
-61 14 55 1
-61 11 56 1
-61 11 57 1
-61 0 58 1
-61 2 58 1
-61 4 58 1
-61 11 58 1
-61 11 59 1
-61 11 60 1
-61 12 60 5
-61 13 60 5
-61 14 60 1
-61 11 61 1
-61 11 62 1
-61 11 63 1
-61 11 64 1
-61 11 65 1
-61 12 65 1
-61 13 65 1
-61 14 65 1
-61 11 66 1
-61 12 66 9
-61 13 66 9
-61 14 66 1
-61 11 67 1
-61 12 67 1
-61 13 67 1
-61 14 67 1
-61 11 68 1
-61 12 68 1
-61 13 68 1
-61 14 68 1
-61 11 69 1
-61 12 69 8
-61 13 69 8
-61 14 69 1
-61 11 70 1
-61 12 70 1
-61 13 70 1
-61 14 70 1
-61 0 71 1
-61 0 76 1
-61 0 77 1
-61 0 78 1
-61 7 78 1
-61 7 79 1
-62 11 50 1
-62 12 50 1
-62 13 50 1
-62 14 50 1
-62 11 51 1
-62 12 51 1
-62 13 51 1
-62 14 51 1
-62 11 52 1
-62 12 52 1
-62 13 52 1
-62 14 52 1
-62 11 53 1
-62 12 53 1
-62 13 53 1
-62 14 53 1
-62 11 54 1
-62 12 54 1
-62 13 54 1
-62 14 54 1
-62 11 55 1
-62 11 56 1
-62 11 57 1
-62 0 58 1
-62 2 58 1
-62 4 58 1
-62 11 58 1
-62 11 59 1
-62 11 60 1
-62 12 60 1
-62 13 60 1
-62 14 60 1
-62 11 61 1
-62 12 61 1
-62 14 61 1
-62 0 62 2
-62 1 62 2
-62 11 62 1
-62 12 62 1
-62 13 62 1
-62 14 62 1
-62 0 63 2
-62 11 63 1
-62 12 63 6
-62 13 63 1
-62 14 63 1
-62 0 64 2
-62 11 64 1
-62 12 64 6
-62 13 64 1
-62 14 64 1
-62 0 65 2
-62 1 65 2
-62 11 65 1
-62 12 65 1
-62 13 65 1
-62 14 65 1
-62 11 66 1
-62 12 66 5
-62 13 66 5
-62 14 66 1
-62 11 67 1
-62 12 67 1
-62 13 67 1
-62 14 67 1
-62 11 68 1
-62 12 68 1
-62 13 68 4
-62 14 68 1
-62 0 69 1
-62 11 69 1
-62 14 69 1
-62 0 70 1
-62 11 70 1
-62 12 70 1
-62 14 70 1
-62 0 71 1
-62 0 72 1
-62 0 77 1
-62 7 78 1
-62 7 79 1
-63 11 50 1
-63 12 50 1
-63 13 50 1
-63 14 50 1
-63 11 51 1
-63 12 51 1
-63 13 51 4
-63 11 52 1
-63 12 52 9
-63 13 52 9
-63 11 53 1
-63 12 53 9
-63 13 53 9
-63 11 54 1
-63 12 54 5
-63 13 54 5
-63 11 55 1
-63 11 56 1
-63 11 57 1
-63 12 57 1
-63 14 57 1
-63 0 58 1
-63 2 58 1
-63 4 58 1
-63 11 58 1
-63 12 58 1
-63 14 58 1
-63 11 59 1
-63 12 59 5
-63 13 59 5
-63 11 60 1
-63 12 60 1
-63 13 60 1
-63 14 60 1
-63 0 62 2
-63 0 63 2
-63 0 64 2
-63 0 65 2
-63 11 65 1
-63 12 65 1
-63 13 65 1
-63 14 65 1
-63 11 66 1
-63 12 66 1
-63 13 66 4
-63 14 66 1
-63 11 67 1
-63 12 67 1
-63 13 67 1
-63 14 67 1
-63 0 68 1
-63 11 68 1
-63 12 68 1
-63 13 68 1
-63 14 68 1
-63 0 69 1
-63 11 69 1
-63 12 69 1
-63 14 69 1
-63 0 70 1
-63 11 70 1
-63 12 70 1
-63 13 70 1
-63 14 70 1
-63 7 78 1
-63 7 79 1
-64 11 50 1
-64 12 50 1
-64 13 50 1
-64 14 50 1
-64 11 51 1
-64 12 51 1
-64 14 51 1
-64 11 52 1
-64 12 52 1
-64 14 52 1
-64 11 53 1
-64 12 53 1
-64 14 53 1
-64 11 54 1
-64 12 54 1
-64 14 54 1
-64 11 55 1
-64 11 56 1
-64 11 57 1
-64 12 57 1
-64 14 57 1
-64 0 58 1
-64 2 58 1
-64 4 58 1
-64 11 58 1
-64 12 58 1
-64 14 58 1
-64 11 59 1
-64 12 59 8
-64 13 59 8
-64 11 60 1
-64 12 60 1
-64 13 60 1
-64 14 60 1
-64 0 62 2
-64 0 63 2
-64 0 64 2
-64 0 65 2
-64 0 69 1
-64 7 78 1
-64 7 79 1
-64 0 81 1
-65 11 50 1
-65 12 50 1
-65 13 50 1
-65 14 50 1
-65 11 51 1
-65 12 51 1
-65 14 51 1
-65 11 52 1
-65 12 52 1
-65 14 52 1
-65 11 53 1
-65 12 53 1
-65 14 53 1
-65 11 54 1
-65 12 54 1
-65 14 54 1
-65 11 55 1
-65 11 56 1
-65 11 57 1
-65 12 57 1
-65 14 57 1
-65 0 58 1
-65 1 58 1
-65 2 58 1
-65 3 58 1
-65 4 58 1
-65 11 58 1
-65 12 58 1
-65 14 58 1
-65 11 59 1
-65 12 59 9
-65 13 59 9
-65 11 60 1
-65 12 60 1
-65 13 60 1
-65 14 60 1
-65 0 62 2
-65 1 62 2
-65 0 63 2
-65 0 64 2
-65 0 65 2
-65 1 65 2
-65 7 78 1
-65 7 79 1
-65 0 80 1
-65 0 81 1
-65 0 82 1
-66 11 50 1
-66 12 50 1
-66 13 50 1
-66 14 50 1
-66 11 51 1
-66 12 51 1
-66 13 51 4
-66 11 52 1
-66 12 52 8
-66 13 52 8
-66 11 53 1
-66 12 53 8
-66 13 53 8
-66 11 54 1
-66 12 54 5
-66 13 54 5
-66 11 55 1
-66 11 56 1
-66 11 57 1
-66 12 57 1
-66 14 57 1
-66 11 58 1
-66 12 58 1
-66 14 58 1
-66 11 59 1
-66 12 59 1
-66 13 59 4
-66 11 60 1
-66 12 60 1
-66 13 60 1
-66 14 60 1
-66 0 73 1
-66 1 73 1
-66 2 73 1
-66 3 73 1
-66 4 73 1
-66 5 73 1
-66 6 73 2
-66 7 73 2
-66 0 74 1
-66 1 74 1
-66 2 74 1
-66 3 74 1
-66 4 74 1
-66 5 74 1
-66 6 74 2
-66 0 75 1
-66 1 75 1
-66 2 75 1
-66 3 75 1
-66 4 75 1
-66 5 75 1
-66 6 75 2
-66 0 76 1
-66 1 76 1
-66 2 76 1
-66 3 76 1
-66 4 76 1
-66 5 76 1
-66 6 76 2
-66 7 76 2
-66 7 78 1
-66 7 79 1
-66 0 80 1
-66 0 81 1
-66 1 81 1
-67 11 50 1
-67 12 50 1
-67 13 50 1
-67 14 50 1
-67 11 51 1
-67 12 51 1
-67 13 51 1
-67 14 51 1
-67 11 52 1
-67 12 52 1
-67 13 52 1
-67 14 52 1
-67 11 53 1
-67 12 53 1
-67 13 53 1
-67 14 53 1
-67 11 54 1
-67 12 54 1
-67 13 54 1
-67 14 54 1
-67 11 55 1
-67 12 55 1
-67 13 55 1
-67 14 55 1
-67 11 56 1
-67 12 56 1
-67 13 56 1
-67 14 56 1
-67 11 57 1
-67 12 57 1
-67 13 57 1
-67 14 57 1
-67 11 58 1
-67 12 58 1
-67 13 58 1
-67 14 58 1
-67 11 59 1
-67 12 59 1
-67 13 59 1
-67 14 59 1
-67 11 60 1
-67 12 60 1
-67 13 60 1
-67 14 60 1
-67 0 73 1
-67 1 73 1
-67 2 73 1
-67 3 73 1
-67 4 73 1
-67 5 73 1
-67 6 73 2
-67 0 74 1
-67 1 74 1
-67 2 74 1
-67 3 74 1
-67 4 74 1
-67 5 74 1
-67 6 74 2
-67 0 75 1
-67 1 75 1
-67 2 75 1
-67 3 75 1
-67 4 75 1
-67 5 75 1
-67 6 75 2
-67 0 76 1
-67 1 76 1
-67 2 76 1
-67 3 76 1
-67 4 76 1
-67 5 76 1
-67 6 76 2
-67 7 78 1
-67 7 79 1
-68 5 69 1
-68 5 70 1
-68 0 73 1
-68 1 73 1
-68 2 73 1
-68 3 73 1
-68 4 73 1
-68 5 73 1
-68 6 73 2
-68 0 74 1
-68 1 74 1
-68 2 74 1
-68 3 74 1
-68 4 74 1
-68 5 74 1
-68 6 74 2
-68 0 75 1
-68 1 75 1
-68 2 75 1
-68 3 75 1
-68 4 75 1
-68 5 75 1
-68 6 75 2
-68 0 76 1
-68 1 76 1
-68 2 76 1
-68 3 76 1
-68 4 76 1
-68 5 76 1
-68 6 76 2
-68 7 78 1
-68 7 79 1
-69 5 67 1
-69 5 68 1
-69 5 69 1
-69 5 70 1
-69 0 73 1
-69 1 73 1
-69 2 73 1
-69 3 73 1
-69 4 73 1
-69 5 73 1
-69 6 73 2
-69 7 73 2
-69 0 74 1
-69 1 74 1
-69 2 74 1
-69 3 74 1
-69 4 74 1
-69 5 74 1
-69 6 74 2
-69 0 75 1
-69 1 75 1
-69 2 75 1
-69 3 75 1
-69 4 75 1
-69 5 75 1
-69 6 75 2
-69 0 76 1
-69 1 76 1
-69 2 76 1
-69 3 76 1
-69 4 76 1
-69 5 76 1
-69 6 76 2
-69 7 76 2
-70 5 67 1
-70 3 68 1
-70 4 68 1
-70 5 68 1
-70 4 69 1
-70 5 69 1
-70 4 70 1
-70 5 70 1
-70 5 71 1
-70 1 80 1
-70 1 81 1
-70 2 81 1
-70 2 82 1
-71 5 66 1
-71 5 67 1
-71 3 68 1
-71 4 68 1
-71 5 68 1
-71 3 69 1
-71 4 69 1
-71 5 69 1
-71 4 70 1
-71 5 70 1
-71 4 71 1
-71 1 80 1
-71 2 80 1
-71 1 81 1
-71 2 81 1
-71 1 82 1
-71 2 82 1
-72 4 66 1
-72 5 66 1
-72 3 67 1
-72 4 67 1
-72 5 67 1
-72 3 68 1
-72 4 68 1
-72 5 68 1
-72 3 69 1
-72 4 69 1
-72 5 69 1
-72 3 70 1
-72 4 70 1
-72 5 70 1
-72 4 71 1
-72 2 80 1
-72 2 81 1
-72 1 82 1
-73 4 67 1
-73 5 67 1
-73 4 68 1
-73 5 68 1
-73 3 69 1
-73 4 69 1
-73 5 69 1
-73 3 70 1
-73 4 70 1
-73 5 70 1
-73 3 74 1
-73 2 76 1
-73 3 76 1
-73 2 77 1
-74 5 68 1
-74 5 69 1
-74 4 70 1
-74 3 73 1
-74 2 74 1
-74 3 74 1
-74 2 75 1
-74 3 75 1
-74 2 76 1
-74 3 76 1
-74 2 77 1
-74 3 77 1
-75 3 73 1
-75 4 73 1
-75 2 74 1
-75 3 74 1
-75 4 74 1
-75 2 75 1
-75 3 75 1
-75 2 76 1
-75 3 76 1
-75 2 77 1
-75 3 77 1
-76 3 73 1
-76 4 73 1
-76 2 74 1
-76 3 74 1
-76 4 74 1
-76 2 75 1
-76 3 75 1
-76 2 76 1
-76 3 76 1
-76 3 77 1
-77 3 74 1
-77 4 74 1
-77 2 75 1
-77 3 75 1
-77 2 76 1
-77 3 76 1
