1016
-24 4 27 1
-24 5 27 1
-24 6 27 1
-24 7 27 1
-24 8 27 1
-24 9 27 2
-24 10 27 2
-24 11 27 1
-24 12 27 1
-24 9 28 2
-24 9 29 2
-24 0 30 1
-24 1 30 1
-24 2 30 1
-24 3 30 1
-24 4 30 1
-24 5 30 1
-24 6 30 1
-24 7 30 1
-24 8 30 1
-24 9 30 2
-24 10 30 2
-25 20 12 1
-25 21 12 1
-25 22 12 1
-25 23 12 1
-25 20 13 1
-25 21 13 1
-25 23 13 1
-25 32 13 1
-25 20 14 1
-25 21 14 1
-25 23 14 1
-25 32 14 4
-25 20 15 1
-25 21 15 1
-25 22 15 1
-25 23 15 1
-25 20 17 1
-25 21 17 1
-25 22 17 1
-25 23 17 1
-25 20 18 1
-25 23 18 1
-25 20 19 1
-25 23 19 1
-25 20 20 1
-25 21 20 5
-25 22 20 5
-25 23 20 1
-25 20 21 1
-25 20 22 1
-25 23 22 1
-25 20 23 1
-25 23 23 1
-25 20 24 1
-25 23 24 1
-25 20 25 1
-25 21 25 1
-25 22 25 1
-25 23 25 1
-25 9 27 2
-25 9 28 2
-25 9 29 2
-25 9 30 2
-25 18 33 1
-25 18 34 1
-25 17 38 1
-25 17 39 1
-26 20 12 1
-26 21 12 1
-26 23 12 1
-26 20 13 1
-26 23 13 1
-26 32 13 1
-26 33 13 1
-26 20 14 1
-26 21 14 4
-26 23 14 1
-26 20 15 1
-26 21 15 1
-26 23 15 1
-26 20 17 1
-26 21 17 1
-26 23 17 1
-26 20 18 1
-26 23 18 1
-26 20 19 1
-26 23 19 1
-26 20 20 1
-26 21 20 1
-26 23 20 1
-26 20 22 1
-26 21 22 1
-26 23 22 1
-26 20 23 1
-26 23 23 1
-26 20 24 1
-26 23 24 1
-26 20 25 1
-26 21 25 1
-26 23 25 1
-26 9 27 2
-26 9 28 2
-26 9 29 2
-26 9 30 2
-26 18 33 1
-26 18 34 1
-26 17 38 1
-26 17 39 1
-27 20 12 1
-27 21 12 1
-27 23 12 1
-27 20 13 1
-27 23 13 1
-27 33 13 1
-27 34 13 1
-27 4 14 1
-27 5 14 1
-27 20 14 1
-27 23 14 1
-27 3 15 1
-27 4 15 1
-27 5 15 1
-27 20 15 1
-27 21 15 1
-27 23 15 1
-27 3 16 1
-27 4 16 1
-27 3 17 1
-27 4 17 1
-27 20 17 1
-27 21 17 1
-27 23 17 1
-27 3 18 1
-27 4 18 1
-27 5 18 1
-27 20 18 1
-27 21 18 4
-27 23 18 1
-27 3 19 1
-27 4 19 1
-27 5 19 1
-27 20 19 1
-27 23 19 1
-27 3 20 1
-27 4 20 1
-27 20 20 1
-27 21 20 1
-27 23 20 1
-27 3 21 1
-27 4 21 1
-27 3 22 1
-27 4 22 1
-27 5 22 1
-27 20 22 1
-27 21 22 1
-27 23 22 1
-27 3 23 1
-27 4 23 1
-27 5 23 1
-27 6 23 1
-27 20 23 1
-27 23 23 1
-27 20 24 1
-27 21 24 4
-27 23 24 1
-27 20 25 1
-27 21 25 1
-27 23 25 1
-27 3 27 1
-27 4 27 1
-27 5 27 1
-27 6 27 1
-27 7 27 1
-27 8 27 1
-27 9 27 2
-27 10 27 2
-27 11 27 1
-27 9 28 2
-27 9 29 2
-27 5 30 1
-27 6 30 1
-27 7 30 1
-27 8 30 1
-27 9 30 2
-27 10 30 2
-27 11 30 1
-27 12 30 1
-27 13 30 1
-28 20 12 1
-28 21 12 1
-28 22 12 1
-28 23 12 1
-28 20 13 1
-28 23 13 1
-28 30 13 1
-28 3 14 1
-28 4 14 1
-28 5 14 1
-28 20 14 1
-28 21 14 1
-28 23 14 1
-28 30 14 1
-28 3 15 1
-28 20 15 1
-28 21 15 1
-28 22 15 1
-28 23 15 1
-28 3 16 1
-28 3 17 1
-28 20 17 1
-28 21 17 1
-28 22 17 1
-28 23 17 1
-28 3 18 1
-28 20 18 1
-28 21 18 1
-28 23 18 1
-28 3 19 1
-28 20 19 1
-28 23 19 1
-28 3 20 1
-28 20 20 1
-28 21 20 1
-28 22 20 1
-28 23 20 1
-28 3 21 1
-28 3 22 1
-28 20 22 1
-28 21 22 1
-28 22 22 1
-28 23 22 1
-28 3 23 1
-28 4 23 1
-28 5 23 1
-28 20 23 1
-28 21 23 1
-28 23 23 1
-28 20 24 1
-28 21 24 1
-28 23 24 1
-28 20 25 1
-28 21 25 1
-28 22 25 1
-28 23 25 1
-29 30 12 1
-29 20 13 1
-29 26 13 1
-29 27 13 1
-29 28 13 1
-29 29 13 1
-29 30 13 1
-29 31 13 1
-29 32 13 1
-29 33 13 1
-29 34 13 1
-29 0 14 1
-29 3 14 1
-29 4 14 1
-29 5 14 1
-29 6 14 1
-29 3 15 1
-29 3 16 1
-29 3 17 1
-29 3 18 1
-29 3 19 1
-29 20 19 1
-29 3 20 1
-29 3 21 1
-29 3 22 1
-29 3 23 1
-29 4 23 1
-30 0 0 2
-30 1 0 2
-30 0 1 2
-30 0 2 2
-30 0 3 2
-30 1 3 2
-30 0 7 1
-30 0 8 1
-30 1 8 1
-30 0 9 1
-30 1 9 1
-30 2 9 1
-30 0 10 1
-30 1 10 1
-30 2 10 1
-30 3 10 1
-30 0 11 1
-30 1 11 1
-30 2 11 1
-30 3 11 1
-30 0 12 1
-30 1 12 1
-30 2 12 1
-30 3 12 1
-30 20 12 1
-30 21 12 1
-30 22 12 1
-30 23 12 1
-30 31 12 1
-30 0 13 1
-30 1 13 1
-30 2 13 1
-30 3 13 1
-30 20 13 1
-30 23 13 1
-30 25 13 1
-30 26 13 1
-30 27 13 1
-30 28 13 1
-30 29 13 1
-30 30 13 1
-30 31 13 1
-30 32 13 1
-30 33 13 1
-30 34 13 1
-30 35 13 1
-30 0 14 1
-30 3 14 1
-30 4 14 1
-30 5 14 1
-30 6 14 1
-30 7 14 1
-30 8 14 1
-30 20 14 1
-30 21 14 1
-30 23 14 1
-30 27 14 1
-30 31 14 1
-30 3 15 1
-30 4 15 1
-30 5 15 1
-30 6 15 1
-30 20 15 1
-30 21 15 1
-30 22 15 1
-30 23 15 1
-30 3 16 1
-30 3 17 1
-30 20 17 1
-30 21 17 1
-30 22 17 1
-30 23 17 1
-30 24 17 2
-30 25 17 2
-30 3 18 1
-30 20 18 1
-30 21 18 1
-30 23 18 1
-30 24 18 2
-30 3 19 1
-30 20 19 1
-30 21 19 5
-30 22 19 5
-30 23 19 1
-30 24 19 2
-30 3 20 1
-30 20 20 1
-30 21 20 1
-30 22 20 1
-30 23 20 1
-30 24 20 2
-30 25 20 2
-30 3 21 1
-30 3 22 1
-30 3 23 1
-30 4 23 1
-30 20 25 2
-30 21 25 2
-30 20 26 2
-30 20 27 2
-30 20 28 2
-30 21 28 2
-30 20 31 1
-30 21 31 1
-30 22 31 1
-30 23 31 1
-30 19 32 1
-30 19 33 1
-30 20 34 1
-30 21 34 1
-30 22 34 1
-30 23 34 1
-30 15 37 2
-30 16 37 2
-30 15 38 2
-30 15 39 2
-30 15 40 2
-30 16 40 2
-31 0 0 2
-31 0 1 2
-31 0 2 2
-31 0 3 2
-31 0 4 1
-31 0 8 1
-31 0 9 1
-31 1 9 1
-31 0 10 1
-31 1 10 1
-31 0 11 1
-31 1 11 1
-31 2 11 1
-31 3 11 1
-31 0 12 1
-31 1 12 1
-31 2 12 1
-31 3 12 1
-31 20 12 1
-31 21 12 1
-31 23 12 1
-31 0 13 1
-31 1 13 1
-31 2 13 1
-31 3 13 1
-31 20 13 1
-31 23 13 1
-31 24 13 1
-31 25 13 1
-31 26 13 1
-31 27 13 1
-31 28 13 1
-31 29 13 1
-31 30 13 1
-31 31 13 1
-31 32 13 1
-31 33 13 1
-31 34 13 1
-31 35 13 1
-31 36 13 1
-31 0 14 1
-31 3 14 1
-31 4 14 5
-31 5 14 5
-31 6 14 1
-31 7 14 1
-31 20 14 1
-31 23 14 1
-31 28 14 3
-31 32 14 1
-31 3 15 1
-31 20 15 1
-31 23 15 1
-31 3 16 1
-31 20 16 1
-31 3 17 1
-31 20 17 1
-31 23 17 1
-31 24 17 2
-31 3 18 1
-31 6 18 1
-31 20 18 1
-31 23 18 1
-31 24 18 2
-31 3 19 1
-31 6 19 1
-31 20 19 1
-31 23 19 1
-31 24 19 2
-31 3 20 1
-31 20 20 1
-31 21 20 1
-31 23 20 1
-31 24 20 2
-31 3 21 1
-31 20 21 1
-31 3 22 1
-31 20 22 1
-31 3 23 1
-31 4 23 1
-31 5 23 1
-31 7 23 1
-31 7 24 1
-31 20 25 2
-31 20 26 2
-31 20 27 2
-31 8 28 1
-31 13 28 1
-31 20 28 2
-31 13 29 1
-31 19 31 1
-31 14 32 1
-31 15 32 5
-31 16 32 5
-31 19 32 1
-31 20 32 1
-31 21 32 4
-31 22 32 1
-31 14 33 1
-31 19 33 1
-31 20 33 1
-31 21 33 1
-31 22 33 1
-31 19 34 1
-31 15 37 2
-31 15 38 2
-31 15 39 2
-31 15 40 2
-32 0 0 2
-32 0 1 2
-32 0 2 2
-32 0 3 2
-32 0 4 1
-32 0 6 1
-32 0 8 1
-32 0 9 1
-32 1 9 1
-32 0 10 1
-32 1 10 1
-32 2 10 1
-32 0 11 1
-32 1 11 1
-32 2 11 1
-32 0 12 1
-32 1 12 1
-32 2 12 1
-32 3 12 1
-32 20 12 1
-32 21 12 1
-32 23 12 1
-32 32 12 1
-32 0 13 1
-32 1 13 1
-32 2 13 1
-32 3 13 1
-32 20 13 1
-32 23 13 1
-32 24 13 1
-32 25 13 1
-32 26 13 1
-32 27 13 1
-32 29 13 1
-32 30 13 1
-32 31 13 1
-32 32 13 1
-32 33 13 1
-32 34 13 1
-32 35 13 1
-32 36 13 1
-32 0 14 1
-32 1 14 3
-32 3 14 1
-32 4 14 3
-32 5 14 4
-32 6 14 1
-32 7 14 1
-32 20 14 1
-32 23 14 1
-32 26 14 1
-32 3 15 1
-32 20 15 1
-32 21 15 1
-32 23 15 1
-32 3 16 1
-32 3 17 1
-32 20 17 1
-32 21 17 1
-32 23 17 1
-32 24 17 2
-32 36 17 2
-32 37 17 2
-32 3 18 1
-32 6 18 1
-32 20 18 1
-32 23 18 1
-32 24 18 2
-32 36 18 2
-32 3 19 1
-32 6 19 1
-32 20 19 1
-32 23 19 1
-32 24 19 2
-32 36 19 2
-32 3 20 1
-32 20 20 1
-32 23 20 1
-32 24 20 2
-32 36 20 2
-32 37 20 2
-32 3 21 1
-32 20 21 1
-32 3 22 1
-32 3 23 1
-32 4 23 1
-32 5 23 1
-32 7 23 1
-32 20 23 1
-32 20 25 2
-32 20 26 2
-32 20 27 2
-32 13 28 1
-32 20 28 2
-32 8 29 1
-32 13 29 1
-32 19 31 1
-32 14 32 1
-32 15 32 1
-32 19 32 1
-32 20 32 5
-32 21 32 5
-32 22 32 1
-32 14 33 1
-32 19 33 1
-32 20 33 1
-32 21 33 1
-32 22 33 1
-32 19 34 1
-32 15 37 2
-32 15 38 2
-32 15 39 2
-32 15 40 2
-33 0 0 2
-33 1 0 2
-33 0 1 2
-33 0 2 2
-33 0 3 2
-33 1 3 2
-33 0 7 1
-33 0 8 1
-33 1 8 1
-33 0 9 1
-33 1 9 1
-33 0 10 1
-33 1 10 1
-33 2 10 1
-33 0 11 1
-33 1 11 1
-33 2 11 1
-33 3 11 1
-33 0 12 1
-33 1 12 1
-33 2 12 1
-33 3 12 1
-33 20 12 1
-33 21 12 1
-33 22 12 1
-33 23 12 1
-33 0 13 1
-33 1 13 1
-33 2 13 1
-33 3 13 1
-33 20 13 1
-33 21 13 5
-33 22 13 5
-33 23 13 1
-33 25 13 1
-33 26 13 1
-33 27 13 1
-33 28 13 1
-33 29 13 1
-33 30 13 1
-33 32 13 1
-33 33 13 1
-33 34 13 1
-33 35 13 1
-33 36 13 1
-33 0 14 1
-33 1 14 1
-33 3 14 1
-33 4 14 1
-33 5 14 1
-33 6 14 1
-33 7 14 1
-33 8 14 1
-33 20 14 1
-33 21 14 1
-33 23 14 1
-33 3 15 1
-33 4 15 1
-33 20 15 1
-33 21 15 1
-33 22 15 1
-33 23 15 1
-33 3 16 1
-33 4 16 1
-33 3 17 1
-33 20 17 1
-33 21 17 1
-33 22 17 1
-33 23 17 1
-33 24 17 2
-33 25 17 2
-33 36 17 2
-33 3 18 1
-33 20 18 1
-33 21 18 1
-33 23 18 1
-33 24 18 2
-33 36 18 2
-33 3 19 1
-33 20 19 1
-33 21 19 1
-33 23 19 1
-33 24 19 2
-33 36 19 2
-33 3 20 1
-33 20 20 1
-33 21 20 1
-33 22 20 1
-33 23 20 1
-33 24 20 2
-33 25 20 2
-33 36 20 2
-33 3 22 1
-33 20 25 2
-33 21 25 2
-33 20 26 2
-33 20 27 2
-33 20 28 2
-33 21 28 2
-33 19 31 1
-33 20 31 1
-33 21 31 1
-33 22 31 1
-33 23 31 1
-33 19 32 1
-33 19 33 1
-33 20 34 1
-33 21 34 1
-33 22 34 1
-33 23 34 1
-33 15 37 2
-33 16 37 2
-33 15 38 2
-33 15 39 2
-33 15 40 2
-33 16 40 2
-34 20 13 1
-34 27 13 1
-34 28 13 1
-34 29 13 1
-34 30 13 1
-34 32 13 1
-34 33 13 1
-34 34 13 1
-34 35 13 1
-34 36 13 1
-34 3 14 1
-34 4 14 1
-34 5 14 1
-34 6 14 1
-34 29 14 1
-34 33 14 1
-34 3 15 1
-34 3 16 1
-34 3 17 1
-34 4 17 1
-34 36 17 2
-34 3 18 1
-34 36 18 2
-34 3 19 1
-34 36 19 2
-34 36 20 2
-35 20 12 1
-35 21 12 1
-35 22 12 1
-35 23 12 1
-35 32 12 1
-35 20 13 1
-35 23 13 1
-35 26 13 1
-35 27 13 1
-35 28 13 1
-35 29 13 1
-35 30 13 1
-35 31 13 1
-35 32 13 1
-35 33 13 1
-35 34 13 1
-35 35 13 1
-35 36 13 1
-35 4 14 1
-35 5 14 1
-35 20 14 1
-35 21 14 1
-35 23 14 1
-35 31 14 3
-35 32 14 1
-35 33 14 1
-35 3 15 1
-35 20 15 1
-35 21 15 1
-35 22 15 1
-35 23 15 1
-35 3 16 1
-35 3 17 1
-35 20 17 1
-35 21 17 1
-35 22 17 1
-35 23 17 1
-35 36 17 2
-35 37 17 2
-35 3 18 1
-35 20 18 1
-35 21 18 1
-35 23 18 1
-35 36 18 2
-35 20 19 1
-35 21 19 1
-35 23 19 1
-35 36 19 2
-35 20 20 1
-35 21 20 1
-35 22 20 1
-35 23 20 1
-35 36 20 2
-35 37 20 2
-35 3 22 1
-35 20 22 1
-35 21 22 1
-35 22 22 1
-35 23 22 1
-35 20 23 1
-35 21 23 1
-35 23 23 1
-35 20 24 1
-35 21 24 1
-35 23 24 1
-35 20 25 1
-35 21 25 1
-35 22 25 1
-35 23 25 1
-36 20 12 1
-36 21 12 1
-36 23 12 1
-36 33 12 1
-36 20 13 1
-36 23 13 1
-36 28 13 1
-36 29 13 1
-36 30 13 1
-36 31 13 1
-36 32 13 1
-36 33 13 1
-36 34 13 1
-36 35 13 1
-36 5 14 1
-36 6 14 1
-36 20 14 1
-36 21 14 4
-36 23 14 1
-36 30 14 1
-36 34 14 1
-36 35 14 5
-36 36 14 5
-36 3 15 1
-36 4 15 1
-36 5 15 1
-36 20 15 1
-36 21 15 1
-36 23 15 1
-36 3 16 1
-36 4 16 1
-36 3 17 1
-36 4 17 1
-36 20 17 1
-36 21 17 1
-36 23 17 1
-36 3 18 1
-36 4 18 1
-36 5 18 1
-36 20 18 1
-36 23 18 1
-36 3 19 1
-36 4 19 1
-36 20 19 1
-36 21 19 4
-36 23 19 1
-36 20 20 1
-36 21 20 1
-36 23 20 1
-36 20 22 1
-36 21 22 1
-36 23 22 1
-36 20 23 1
-36 21 23 1
-36 22 23 1
-36 23 23 1
-36 20 24 1
-36 21 24 1
-36 22 24 1
-36 20 25 1
-36 21 25 1
-36 23 25 1
-36 9 27 1
-36 10 27 1
-36 11 27 1
-36 10 28 1
-36 10 29 1
-36 4 30 1
-36 5 30 1
-36 6 30 1
-36 7 30 1
-36 8 30 1
-36 9 30 1
-36 10 30 1
-36 11 30 1
-37 20 12 1
-37 21 12 1
-37 23 12 1
-37 31 12 1
-37 20 13 1
-37 23 13 1
-37 29 13 1
-37 30 13 1
-37 31 13 1
-37 32 13 1
-37 33 13 1
-37 34 13 1
-37 35 13 1
-37 20 14 1
-37 23 14 1
-37 20 15 1
-37 21 15 5
-37 22 15 5
-37 23 15 1
-37 20 16 1
-37 20 17 1
-37 23 17 1
-37 20 18 1
-37 23 18 1
-37 20 19 1
-37 23 19 1
-37 20 20 1
-37 21 20 1
-37 23 20 1
-37 20 22 1
-37 21 22 1
-37 23 22 1
-37 20 23 1
-37 21 23 1
-37 22 23 1
-37 23 23 1
-37 20 24 1
-37 21 24 1
-37 20 25 1
-37 21 25 1
-37 23 25 1
-37 10 27 1
-37 10 28 1
-37 10 29 1
-37 10 30 1
-37 18 33 1
-37 18 34 1
-37 17 38 1
-37 17 39 1
-38 20 12 1
-38 21 12 1
-38 22 12 1
-38 23 12 1
-38 31 12 1
-38 20 13 1
-38 21 13 1
-38 23 13 1
-38 30 13 1
-38 35 13 1
-38 20 14 1
-38 21 14 1
-38 23 14 1
-38 30 14 1
-38 20 15 1
-38 21 15 1
-38 22 15 1
-38 23 15 1
-38 20 17 1
-38 21 17 1
-38 22 17 1
-38 23 17 1
-38 20 18 1
-38 21 18 1
-38 23 18 1
-38 20 19 1
-38 23 19 1
-38 20 20 1
-38 21 20 5
-38 22 20 5
-38 23 20 1
-38 20 21 1
-38 20 22 1
-38 23 22 1
-38 20 23 1
-38 23 23 1
-38 20 24 1
-38 20 25 1
-38 21 25 1
-38 22 25 1
-38 23 25 1
-38 10 27 1
-38 10 28 1
-38 10 29 1
-38 10 30 1
-38 18 33 1
-38 18 34 1
-38 17 38 1
-38 17 39 1
-39 7 27 1
-39 8 27 1
-39 9 27 1
-39 10 27 1
-39 11 27 1
-39 12 27 4
-39 10 28 1
-39 10 29 1
-39 0 30 1
-39 1 30 1
-39 2 30 1
-39 3 30 1
-39 4 30 1
-39 5 30 1
-39 6 30 1
-39 7 30 1
-39 8 30 1
-39 9 30 1
-39 10 30 1
-39 11 30 1
